L=      180.0000000000
E1=        3.0000000000, l1=        0.0000000000, E2=        0.0000000000, l2=        0.0000000000
s=        2.0000000000, x0=       75.0000000000, k0=        2.0000000000
M=     35000, dt=        0.0010000000
 
R  =    0.0261298803 %
A1 =    0.0000002660 %
A12=    0.2688197588 %
A2 =    0.0008522449 %
T  =   99.7059028716 %
 
Initial norm = 1.0000000000
Final norm = 1.0000000000
 
####################################
 
